"domain",mobile_page_size,desktop_page_size,objects_total,diff_mobile,diff_desktop
"247ureports.com",78442,78442,1133763,-1055321,-1055321
"263chat.com",243528,243510,1227235,-983707,-983725
"7sur7.cd",303144,303144,2696445,-2393301,-2393301
"abangui.com",52725,52725,352096,-299371,-299371
"abcafricanews.com",91168,91150,1565943,-1474775,-1474793
"abidjantv.net",357685,357678,2677731,-2320046,-2320053
"abujavoice.com",23785,23143,9329,14456,13814
"acpcongo.com",113181,113181,1057964,-944783,-944783
"actualites.visages-du-benin.com",109710,109710,1133341,-1023631,-1023631
"addisfortune.net",11234,72560,932355,-921121,-859795
"africanreporter.co.za",125084,284838,1394301,-1269217,-1109463
"africansearchlight.com",20978,20978,469328,-448350,-448350
"ain-oulmene.com",41495,150175,186345,-144850,-36170
"akhbarachark.dz",266092,266092,2027277,-1761185,-1761185
"akhbarelyom.com",140570,99995,38579,101991,61416
"albayane.press.ma",126524,126524,28285668,-28159144,-28159144
"albertonrecord.co.za",125850,288300,1938777,-1812927,-1650477
"alexnews.co.za",106785,279804,1272885,-1166100,-993081
"algerienetwork.com",232029,232029,1846665,-1614636,-1614636
"allsbc.com",51644,51644,1025089,-973445,-973445
"almaugif.com",218412,218412,19256,199156,199156
"alnabaa.tv",58999,59174,1157528,-1098529,-1098354
"aminata.com",266299,266299,3972387,-3706088,-3706088
"angolanas.net",6808,6264,362081,-355273,-355817
"ar.leaders.com.tn",61005,59467,43,60962,59424
"assudan.net",153109,153109,1149646,-996537,-996537
"atoptogo.blogspot.com",31594,28258,173081,-141487,-144823
"awate.com",93228,93228,1012981,-919753,-919753
"awoko.org",34704,34704,466055,-431351,-431351
"bamendaonline.net",6857,6495,240395,-233538,-233900
"bayanealyaoume.press.ma",379757,540510,102768162,-102388405,-102227652
"bbstv.ug",63797,63796,2681207,-2617410,-2617411
"bedfordviewedenvalenews.co.za",125530,268275,1575230,-1449700,-1306955
"bel-abbes.info",4442,171436,684975,-680533,-513539
"beninsite.net",117663,117686,760988,-643325,-643302
"benonicitytimes.co.za",111766,291721,1474043,-1362277,-1182322
"bereamail.co.za",105849,276650,1636272,-1530423,-1359622
"bizwatchnigeria.ng",263838,263838,1662235,-1398397,-1398397
"blanknewsonline.wordpress.com",164030,166978,1759053,-1595023,-1592075
"boksburgadvertiser.co.za",111327,298218,2383537,-2272210,-2085319
"brakpanherald.co.za",109681,279509,1503251,-1393570,-1223742
"breezefmchipata.com",36665,36658,19190938,-19154273,-19154280
"bulawayo24.com",62475,82171,499599,-437124,-417428
"burundi-24.com",17808,17808,152755,-134947,-134947
"businessdayonline.com",81733,146812,2877137,-2795404,-2730325
"businessnews.com.ng",44844,44844,593118,-548274,-548274
"businessworldng.com",11658,20116,9329,2329,10787
"buzzghana.com",99925,101253,559694,-459769,-458441
"buzzkenya.com",241197,241197,5749902,-5508705,-5508705
"buzznigeria.com",122459,123609,540181,-417722,-416572
"buzzsouthafrica.com",113911,114794,544728,-430817,-429934
"cameroonjournal.com",146892,146892,11061725,-10914833,-10914833
"cameroonwebnews.com",11783,11783,66349,-54566,-54566
"capitalradio.co.ug",84269,85013,6433611,-6349342,-6348598
"centrafrique-presse.over-blog.com",89677,249408,668751,-579074,-419343
"citizen.co.za",229326,229326,2580479,-2351153,-2351153
"city1051fm.com",71350,71350,5937048,-5865698,-5865698
"citybuzz.co.za",104980,242911,1216760,-1111780,-973849
"comarochronicle.co.za",113073,287477,1230093,-1117020,-942616
"completesportsnigeria.com",134408,134408,1282577,-1148169,-1148169
"congo-liberty.com",29181,105744,419904,-390723,-314160
"congopanorama.info",10583,10583,110508,-99925,-99925
"crossriverwatch.com",114787,114787,7063440,-6948653,-6948653
"crtv.cm",403686,403686,2971222,-2567536,-2567536
"cyberzena.com",10984,11011,273431,-262447,-262420
"dailypost.ng",137249,138110,5955286,-5818037,-5817176
"dailypost.ug",106926,106926,2174653,-2067727,-2067727
"dailyreviewonline.com.ng",8924,9394,272645,-263721,-263251
"dailystar.com.ng",76281,77054,1789019,-1712738,-1711965
"desertherald.com",895,895,1299412,-1298517,-1298517
"diasporasaharaui-en.blogspot.com",41562,290435,226699,-185137,63736
"dieson.mobi",35661,60738,175914,-140253,-115176
"diplomat.so",130381,130381,17511327,-17380946,-17380946
"eagle.co.ug",49593,144504,900518,-850925,-756014
"eaglereporters.com",63639,20786,330010,-266371,-309224
"ecadforum.com",114170,114170,1510663,-1396493,-1396493
"echosdesidibelabbes.info",22952,22952,538062,-515110,-515110
"economiaemercado.sapo.ao",85503,85503,751237,-665734,-665734
"ectv.org",36934,36935,2665091,-2628157,-2628156
"edennewspaper.org",63105,69984,329991,-266886,-260007
"egypttoday.com",69210,69210,39856,29354,29354
"el-youm.info",215303,215303,1280381,-1065078,-1065078
"elmassar-ar.com",74378,74378,2004770,-1930392,-1930392
"elraaed.com",184886,184886,4410196,-4225310,-4225310
"elwaha-dz.com",64133,184751,381301,-317168,-196550
"elwatani.com",108623,108623,689092,-580469,-580469
"es.groups.yahoo.com",49952,57695,153922,-103970,-96227
"ethiopiaforums.com",75804,75804,1122751,-1046947,-1046947
"ethiopianreview.com",17777,17777,226528,-208751,-208751
"evasion.lepays.bf",80947,80947,1492874,-1411927,-1411927
"ewn.co.za",218312,223137,4931507,-4713195,-4708370
"exposeghana.com",57380,57380,538966,-481586,-481586
"eyeradio.org",41664,41664,1005942,-964278,-964278
"faso-actu.net",99914,99914,2476377,-2376463,-2376463
"flashpointnews.wordpress.com",420706,448559,6910060,-6489354,-6461501
"focus.rw",52320,52320,237693,-185373,-185373
"foroyaa.gm",279433,279433,1762470,-1483037,-1483037
"fourwaysreview.co.za",111157,293549,1279256,-1168099,-985707
"fr.alakhbar.info",31321,31321,215677,-184356,-184356
"gabonreview.com",111068,111068,3313810,-3202742,-3202742
"gainako.com",172133,172133,3155048,-2982915,-2982915
"germistoncitynews.co.za",112632,297788,1483467,-1370835,-1185679
"ghananewslink.com",94371,94371,15371,79000,79000
"ghheadlines.com",216591,216591,3475611,-3259020,-3259020
"gistyinka.net",18067,17999,275539,-257472,-257540
"globalvillageextra.com",195981,195981,3056249,-2860268,-2860268
"gloryfm.com",16255,26990,9329,6926,17661
"gnnliberia.com",101974,101973,1738424,-1636450,-1636451
"goldenpennewspaper.blogspot.com",39931,137074,212885,-172954,-75811
"guinea-forum.org",31191,59931,1454698,-1423507,-1394767
"guineeactu.info",59469,59380,180348,-120879,-120968
"guineenews.org",298946,300097,6281794,-5982848,-5981697
"haatuf.net",48614,48614,1441105,-1392491,-1392491
"happyghana.com",73458,72205,5221616,-5148158,-5149411
"hebdo.ahram.org.eg",104865,104865,319351,-214486,-214486
"heritageliberia.net",7597,7597,103962,-96365,-96365
"highwaymail.co.za",110918,283497,1356929,-1246011,-1073432
"hmetro.co.zw",90957,90957,779196,-688239,-688239
"iharare.com",132265,135481,1253042,-1120777,-1117561
"imvahonshya.co.rw",92360,92360,13939456,-13847096,-13847096
"ireports-ng.com",202882,202882,1387951,-1185069,-1185069
"isoexpress.co.za",61008,112472,176475,-115467,-64003
"itvradionigeria.com",185038,185038,3403268,-3218230,-3218230
"jamboleonews.blogspot.com",22250,19080,172131,-149881,-153051
"joburgeastexpress.co.za",110677,280935,1246235,-1135558,-965300
"jornaldeangola.sapo.ao",78560,78558,1054259,-975699,-975701
"jornaldeeconomia.sapo.ao",2599,36787,79213,-76614,-42426
"jornaldosdesportos.sapo.ao",2575,57124,56370,-53795,754
"jornalf8.net",166282,166282,2873393,-2707111,-2707111
"journal.rdpcpdm.cm",275662,275662,2028082,-1752420,-1752420
"kabyleuniversel.com",248344,248344,607079,-358735,-358735
"kampalasun.co.ug",164250,164250,2053671,-1889421,-1889421
"kemptonexpress.co.za",109070,294861,1540193,-1431123,-1245332
"kfm.co.ug",20899,20899,268247,-247348,-247348
"krugersdorpnews.co.za",109238,291021,1502262,-1393024,-1211241
"kumasimail.com",826,826,1404,-578,-578
"kwekwebiz.com",155208,155208,2241287,-2086079,-2086079
"ladysmithgazette.co.za",108248,278671,2768090,-2659842,-2489419
"laghouatinfo.net",107078,892554,600701,-493623,291853
"lalternative-togo.com",63121,70002,329991,-266870,-259989
"landbou.com",74129,115110,483751,-409622,-368641
"latribunedelacapitale.com",161417,161417,270727,-109310,-109310
"lautrefraternite.com",87065,87583,287024,-199959,-199441
"lavoixdesidibelabbes.info",109740,109740,1120335,-1010595,-1010595
"leadership.ng",234466,234466,370275,-135809,-135809
"leboncoin.nu",90502,90502,876587,-786085,-786085
"lechiffredaffaires.net",102207,102207,244440,-142233,-142233
"lecitoyendz.com",56933,56933,146671,-89738,-89738
"lecombat.info",56241,56241,244882,-188641,-188641
"leconfrere.info",69559,69559,12093,57466,57466
"lecourrier-dalgerie.com",120623,121098,930343,-809720,-809245
"ledaily.mg",101837,101837,1074962,-973125,-973125
"lefaso.net",105999,105999,1441261,-1335262,-1335262
"lejournaldaffaire.com",76844,76838,1933054,-1856210,-1856216
"lejournaldemayotte.com",45081,103745,1009167,-964086,-905422
"lelynx.net",48726,48726,86253,-37527,-37527
"lepays.bf",374181,257050,25688673,-25314492,-25431623
"lequotidienalgerie.org",168206,168206,1012966,-844760,-844760
"lestimes.com",266190,266194,17923081,-17656891,-17656887
"letempstg.com",152608,733375,2505648,-2353040,-1772273
"levenementprecis.com",143440,143440,1027614,-884174,-884174
"lexpressguinee.com",82988,82988,2331033,-2248045,-2248045
"liberal.sapo.cv",294074,294074,15073197,-14779123,-14779123
"lindaikeji.blogspot.com",91324,171019,469504,-378180,-298485
"lnt.ma",47711,50832,2172017,-2124306,-2121185
"lobservateurdumaroc.info",140869,140869,2065431,-1924562,-1924562
"lowvelder.co.za",118074,289122,1555978,-1437904,-1266856
"lusakastar.com",105056,105056,2562544,-2457488,-2457488
"lusakavoice.com",154648,154598,860505,-705857,-705907
"majira-hall.blogspot.com",85006,85007,724086,-639080,-639079
"malawi24.com",33181,60514,58869,-25688,1645
"malawiana.net",176625,175655,754984,-578359,-579329
"malawilive.com",23753,23265,9329,14424,13936
"maliactu.net",130003,130000,1222989,-1092986,-1092989
"manicapost.co.zw",206176,208569,1068473,-862297,-859904
"maravi.blogspot.com",49383,261270,173556,-124173,87714
"maritzburgsun.co.za",110808,275624,1585280,-1474472,-1309656
"marocpress.ma",143775,144145,2289854,-2146079,-2145709
"mauritiustimes.com",77015,77015,1398425,-1321410,-1321410
"mayotte.la1ere.fr",203204,203204,3925191,-3721987,-3721987
"mbc.intnet.mu",110276,110276,2984342,-2874066,-2874066
"mediamaxnetwork.co.ke",197038,184153,1661865,-1464827,-1477712
"mg.co.za",158182,165344,3383351,-3225169,-3218007
"midrandreporter.co.za",108328,307085,1280987,-1172659,-973902
"monroviainquirer.com",134850,134850,1552472,-1417622,-1417622
"moroccantimes.com",16181,27096,9329,6852,17767
"moroccomedia.com",74403,74403,552639,-478236,-478236
"mtanzania.co.tz",77564,77565,766135,-688571,-688570
"mthathaexpress.co.za",61008,112474,176475,-115467,-64001
"mubasher-misr.aljazeera.net",120469,120469,97602,22867,22867
"mutationsbf.net",2424,293,330010,-327586,-329717
"mzalendo.net",96814,96742,1279118,-1182304,-1182376
"naijabizcom.com",58683,58683,866758,-808075,-808075
"nationalmirroronline.net",58417,68071,542296,-483879,-474225
"nbs.ug",211969,211969,2101143,-1889174,-1889174
"nehandaradio.com",177984,177037,1524020,-1346036,-1346983
"nehandatv.com",88381,88401,443610,-355229,-355209
"new.elfagr.org",124242,124242,17742,106500,106500
"newcastleadvertiser.co.za",110744,288589,1525753,-1415009,-1237164
"newctzen.com",62872,69751,330010,-267138,-260259
"newmail-ng.com",267409,267409,2246154,-1978745,-1978745
"news.aniamey.com",95470,95470,935149,-839679,-839679
"news.bestnaira.com",20327,20623,55103,-34776,-34480
"news.google.com",7637436,14494217,602914,7034522,13891303
"news.maraviexpress.com",154743,154743,8180068,-8025325,-8025325
"news.sudanvisiondaily.com",6907,6371,362100,-355193,-355729
"newsdiaryonline.com",289548,289548,2677519,-2387971,-2387971
"newsducamer.com",198100,172855,148498,49602,24357
"newsinvestigatorsng.com",88093,88093,1125949,-1037856,-1037856
"newslexpoint.com",366603,368540,7660293,-7293690,-7291753
"newsly.ma",38216,38216,547139,-508923,-508923
"newsofthesouth.com",69050,69050,618706,-549656,-549656
"newsvyb.com",10531,10531,134822,-124291,-124291
"newzimbabwevision.com",70266,70266,1389506,-1319240,-1319240
"ngex.com",85980,85829,285306,-199326,-199477
"nhasimugweru.blogspot.com",43152,125619,209515,-166363,-83896
"nigerdiaspora.net",224009,224009,4543436,-4319427,-4319427
"nigeriaindependent.com",27401,27401,737677,-710276,-710276
"nigerianbeacon.com",205008,203381,2206711,-2001703,-2003330
"nigerianinquirer.com",10595,11020,272664,-262069,-261644
"nigeriantimes.ng",155596,207051,2553650,-2398054,-2346599
"nigeriapoliticsonline.com",203044,203216,4747665,-4544621,-4544449
"nigeriastandardnewspaper.com",586129,586128,2036127,-1449998,-1449999
"northcliffmelvilletimes.co.za",128907,294438,1492522,-1363615,-1198084
"northeasterntribune.co.za",109779,294245,1279225,-1169446,-984980
"northglennews.co.za",109408,288856,1843437,-1734029,-1554581
"noticiasdonorte.publ.cv",64739,64739,7633969,-7569230,-7569230
"novagazeta.co.ao",21726,21726,446578,-424852,-424852
"ntv.nation.co.ke",39547,39547,281211,-241664,-241664
"observer24.com.na",86592,86592,446242,-359650,-359650
"ogavendor.com",80132,100955,424837,-344705,-323882
"ontveg.com",320487,320326,7034599,-6714112,-6714273
"opais.co.ao",85492,85494,3267660,-3182168,-3182166
"ouest-info.org",134628,134628,28856,105772,105772
"patsakacommunityradio.org",97975,97942,1392362,-1294387,-1294420
"plentynews.com",1442,1442,103007,-101565,-101565
"pointblanknews.com",104899,104899,725683,-620784,-620784
"politicosl.com",67031,67031,930512,-863481,-863481
"polokwaneexpress.co.za",101593,271022,1454670,-1353077,-1183648
"ppbdi.com",123230,122675,1346196,-1222966,-1223521
"pulse.ng",107860,146404,439623,-331763,-293219
"puntlandi.com",145782,145782,1170689,-1024907,-1024907
"puntlandnews24.com",103046,103046,478239,-375193,-375193
"quotidienlemessager.net",16485,27404,9329,7156,18075
"radiodemocracy.sl",97259,97259,13540577,-13443318,-13443318
"radiodespertarangola.net",114346,114346,659564,-545218,-545218
"radiookapi.net",61782,111495,1290152,-1228370,-1178657
"radioonefm90.com",44528,44528,1597110,-1552582,-1552582
"randburgsun.co.za",108373,282377,1503816,-1395443,-1221439
"rasd.tv",22309,26146,201342,-179033,-175196
"realnewsmagazine.net",110083,110083,3785353,-3675270,-3675270
"rekordcenturion.co.za",123331,284396,1742920,-1619589,-1458524
"rekordeast.co.za",109838,300597,1793546,-1683708,-1492949
"reporters365.com",257995,257995,2910559,-2652564,-2652564
"reunion.la1ere.fr",151869,151869,4569134,-4417265,-4417265
"risingsunchatsworth.co.za",113047,287730,3261983,-3148936,-2974253
"royaltimes.net",78487,77960,666218,-587731,-588258
"rwandawire.com",37271,37271,280025,-242754,-242754
"saharaoccidental.blogspot.com",37970,93675,212395,-174425,-118720
"saharareporters.com",175135,159861,1310947,-1135812,-1151086
"salonepost.com",11652,11652,3530,8122,8122
"sandtonchronicle.co.za",125782,296680,1398057,-1272275,-1101377
"sandtonmag.co.za",48790,48790,368851,-320061,-320061
"sawt-alahrar.net",3335,873,17915,-14580,-17042
"sawtdjelfa.com",47209,164882,482655,-435446,-317773
"scannewsnigeria.com",89664,89664,739918,-650254,-650254
"sedibengster.com",63248,183572,598332,-535084,-414760
"senego.com",125606,125976,3475080,-3349474,-3349104
"silverbirdtv.com",148366,148390,2205964,-2057598,-2057574
"siyimbali.com",58413,58413,690784,-632371,-632371
"slconcordtimes.com",53408,53408,892594,-839186,-839186
"slpublicopinion.wordpress.com",54648,57425,820828,-766180,-763403
"somaliaone.net",112922,112922,1013635,-900713,-900713
"somalilandpress.com",67769,197751,4257673,-4189904,-4059922
"sosanews.com",31100,31590,414124,-383024,-382534
"source.co.zw",123548,123548,1619681,-1496133,-1496133
"southafricatoday.net",57915,196735,930887,-872972,-734152
"southcoastherald.co.za",108385,284795,2062365,-1953980,-1777570
"southcoastsun.co.za",118984,277586,2123525,-2004541,-1845939
"southernafrican.news",129805,128145,884667,-754862,-756522
"southlandssun.co.za",103266,270923,2745024,-2641758,-2474101
"southsudantoday.net",5153,1104,361135,-355982,-360031
"southsudantribune.org",46218,46218,264650,-218432,-218432
"sport.elkhabar.com",288586,288586,8961427,-8672841,-8672841
"sport.ennaharonline.com",227756,227756,590669,-362913,-362913
"sportbrief.co.zw",203206,203206,1728621,-1525415,-1525415
"spr.fm",10933,19160,237693,-226760,-218533
"standardtimespress.org",56534,56534,732627,-676093,-676093
"startvtz.com",31147,31151,302016,-270869,-270865
"stfrancischronicle.com",63270,54361,867690,-804420,-813329
"sthelenaonline.org",110433,110433,1107762,-997329,-997329
"suna-sd.net",72570,72570,7495281,-7422711,-7422711
"sundayexpress.co.ls",101828,101828,1347106,-1245278,-1245278
"sunnewsonline.com",134223,134223,5367095,-5232872,-5232872
"tahrirnews.com",177848,177848,1875003,-1697155,-1697155
"tchadinfos.com",153097,153097,4153311,-4000214,-4000214
"telquel.ma",242605,148574,43,242562,148531
"theabujatimes.com",195681,195463,2001516,-1805835,-1806053
"theadvocatengr.com",82392,82392,8043,74349,74349
"thebftonline.com",33877,33879,2921874,-2887997,-2887995
"thecitizenng.com",181787,181796,1899143,-1717356,-1717347
"theeagleonline.com.ng",177170,177170,818167,-640997,-640997
"theglobenewspaper.blogspot.com",22880,286529,172131,-149251,114398
"theheraldghana.com",42966,42966,1139363,-1096397,-1096397
"theinfrastructurenewsng.com",327,327,328781,-328454,-328454
"theinsider.ug",172770,172770,3187908,-3015138,-3015138
"theinvestigatornews.com",57436,261270,1480663,-1423227,-1219393
"theliberiandialogue.org",58511,58511,936547,-878036,-878036
"theliberiantimes.weebly.com",17534,17534,319289,-301755,-301755
"theneighbourhoodonline.com",283426,283471,104848,178578,178623
"thenewcrusadingguideonline.com",141777,141777,2267356,-2125579,-2125579
"thenewrisingsun.net",28734,28734,6880,21854,21854
"thenews-chronicle.com",87989,87977,1109992,-1022003,-1022015
"thepeoplesvoice.org.zw",83539,83539,553410,-469871,-469871
"thepointernewsonline.com",150719,150721,671650,-520931,-520929
"therainbow.com.ng",32342,32342,259985,-227643,-227643
"thesoutherndaily.co.zw",92642,93207,810763,-718121,-717556
"thesummary.com.ng",46455,47264,91377,-44922,-44113
"theweeklyadvertiser.com",26636,26637,241419,-214783,-214782
"thewillnigeria.com",154503,154503,2592940,-2438437,-2438437
"thezimbabwemail.com",374925,374925,1984799,-1609874,-1609874
"tig.asmarino.com",87821,125272,8833,78988,116439
"timesmediamw.com",192809,192809,1652887,-1460078,-1460078
"togozine.com",322743,322177,2966065,-2643322,-2643888
"tpa.sapo.ao",145868,145729,746564,-600696,-600835
"tv3network.com",126395,126388,2669799,-2543404,-2543411
"tvt.tg",101396,101356,1052739,-951343,-951383
"tvwest.co.ug",171920,171601,2527269,-2355349,-2355668
"ubc.ug",61027,143110,1633007,-1571980,-1489897
"ugandaradionetwork.com",142892,142892,98672,44220,44220
"ukzambians.co.uk",40356,71355,607243,-566887,-535888
"urhobotoday.com",124556,124556,1701924,-1577368,-1577368
"vibeghana.com",93785,93785,789155,-695370,-695370
"victoriafalls24.com",215007,215483,4123456,-3908449,-3907973
"wakteldjazair.com",203661,203661,3387813,-3184152,-3184152
"weekly.ahram.org.eg",59804,59804,2304073,-2244269,-2244269
"wn.com",350913,350913,1559260,-1208347,-1208347
"worldstagegroup.com",589,589,210801,-210212,-210212
"wsrw.org",31156,66274,227792,-196636,-161518
"www.24haubenin.info",52376,52376,210748,-158372,-158372
"www.24hnewspaper.net",9668,57588,1403,8265,56185
"www.3-mob.com",83224,83745,842786,-759562,-759041
"www.5plus.mu",91725,91725,3161084,-3069359,-3069359
"www.702.co.za",52644,52642,413638,-360994,-360996
"www.abamako.com",67190,67190,452702,-385512,-385512
"www.abidjan.net",101115,101115,624229,-523114,-523114
"www.aboutalgeria.com",303785,303786,353686,-49901,-49900
"www.acholitimes.com",65077,65190,1272979,-1207902,-1207789
"www.acotonou.com",62746,62746,437716,-374970,-374970
"www.actsa.org",31945,31945,162454,-130509,-130509
"www.actubenin.com",322522,323217,1425314,-1102792,-1102097
"www.actuel-dz.com",92127,92123,371199,-279072,-279076
"www.actusen.com",245156,245859,1278579,-1033423,-1032720
"www.addisadmassnews.com",52600,52600,717579,-664979,-664979
"www.adiac-congo.com",98901,98901,2079613,-1980712,-1980712
"www.afbis.com",81793,81793,170083,-88290,-88290
"www.africa21digital.com",105678,105678,1700206,-1594528,-1594528
"www.africaguinee.com",206246,206246,11434595,-11228349,-11228349
"www.africanexaminer.com",191016,191136,1878821,-1687805,-1687685
"www.africanheraldexpress.com",39730,39730,452309,-412579,-412579
"www.africapresse.com",108044,108044,1202763,-1094719,-1094719
"www.africasports.net",109084,109084,1139746,-1030662,-1030662
"www.africatoday.co.ao",85448,85448,556246,-470798,-470798
"www.afrik53.com",153512,153512,1169792,-1016280,-1016280
"www.afrol.com",65962,65962,1283351,-1217389,-1217389
"www.agpgabon.ga",23874,23874,1700,22174,22174
"www.ahdath.info",92473,198074,1657493,-1565020,-1459419
"www.ahram.org.eg",406100,406100,1564934,-1158834,-1158834
"www.aib.bf",62252,62252,3073262,-3011010,-3011010
"www.aip.ci",127603,127603,2008515,-1880912,-1880912
"www.akaboozi.fm",85108,85109,784475,-699367,-699366
"www.akhbarelyoum.dz",83520,83520,237273,-153753,-153753
"www.akhbarlibya24.net",359,359,3488839,-3488480,-3488480
"www.akhersaa-dz.com",309795,220974,1975222,-1665427,-1754248
"www.akwaibomnewsonline.com",40448,29805,884809,-844361,-855004
"www.al-fadjr.com",276813,276813,8769084,-8492271,-8492271
"www.al-jarida.net",38674,38674,216580,-177906,-177906
"www.alakhbar.info",84119,84119,5985951,-5901832,-5901832
"www.alalam.ma",160895,160895,1000157,-839262,-839262
"www.albassair.org",51768,51811,15068,36700,36743
"www.alfa.cv",4669,4669,1770,2899,2899
"www.alger-republicain.com",55078,55078,54844,234,234
"www.algerep.com",56410,56410,54844,1566,1566
"www.algeria-newspapers.com",104301,104301,7781670,-7677369,-7677369
"www.algeriatimes.net",205562,205562,4326842,-4121280,-4121280
"www.algerie-focus.com",222008,222000,1642666,-1420658,-1420666
"www.algerie1.com",74074,75097,2389619,-2315545,-2314522
"www.algerie360.com",148002,148341,1366312,-1218310,-1217971
"www.algerieconfluences.com",9054,9629,273412,-264358,-263783
"www.algeriepatriotique.com",300423,300423,1962752,-1662329,-1662329
"www.allghananews.com",128555,128555,47362,81193,81193
"www.allnigeriasoccer.com",19272,18901,285355,-266083,-266454
"www.allpuntland.com",93940,93940,320720,-226780,-226780
"www.allsomali.com",10518,10401,272645,-262127,-262244
"www.almaghribia.ma",46822,46821,3109673,-3062851,-3062852
"www.almasryalyoum.com",67241,125953,684461,-617220,-558508
"www.almessa.net.eg",251763,251763,75476,176287,176287
"www.almizan.info",33264,33264,167533,-134269,-134269
"www.almshaheer.com",67683,67683,383879,-316196,-316196
"www.alome.com",60459,60459,436887,-376428,-376428
"www.alsahafa.info",18662,18594,275539,-256877,-256945
"www.alwafd.org",51690,122494,2424174,-2372484,-2301680
"www.alwatanalarabi.com",219292,180316,1477747,-1258455,-1297431
"www.alwihdainfo.com",150080,150080,3059438,-2909358,-2909358
"www.amalawi.info",34476,79929,314044,-279568,-234115
"www.ami.mr",50240,50240,334337,-284097,-284097
"www.angola24.net",21523,21523,270520,-248997,-248997
"www.angolaglobal.net",298,298,57024,-56726,-56726
"www.angonoticias.com",45493,45486,2661491,-2615998,-2616005
"www.ann7.com",215146,215146,5154806,-4939660,-4939660
"www.annabacity.net",51085,51304,855375,-804290,-804071
"www.annasronline.com",99562,99562,2050716,-1951154,-1951154
"www.antennereunion.fr",343723,343723,2938919,-2595196,-2595196
"www.aouaga.com",66531,66531,496007,-429476,-429476
"www.apctimes.com",66446,66446,973163,-906717,-906717
"www.aproko247.com",92895,92895,1762022,-1669127,-1669127
"www.aps.sn",96615,96615,461756,-365141,-365141
"www.arenebi.com",274414,274692,2431998,-2157584,-2157306
"www.arewaonline-ng.com",155921,155921,6560,149361,149361
"www.arib.info",2899056,2899056,176290,2722766,2722766
"www.arushatimes.co.tz",9393,9310,5198,4195,4112
"www.ascension-island.gov.ac",71473,71442,630424,-558951,-558982
"www.asdae.com",14009,14009,925,13084,13084
"www.asmarino.com",87837,125240,8863,78974,116377
"www.assabah.com.tn",142248,142248,606202,-463954,-463954
"www.assabah.press.ma",136073,136682,1530417,-1394344,-1393735
"www.atoo.ci",150504,150597,1905741,-1755237,-1755144
"www.attounissia.com.tn",1765,1986,17915,-16150,-15929
"www.au-senegal.com",92700,92700,168447,-75747,-75747
"www.aujourdhui-en-guinee.com",79013,79013,129430,-50417,-50417
"www.aujourdhui.ma",185789,186352,440392,-254603,-254040
"www.autrequotidien.com",63115,69996,330010,-266895,-260014
"www.awrambatimes.com",50804,50803,2211675,-2160871,-2160872
"www.az.com.na",69194,69194,65186,4008,4008
"www.b-metro.co.zw",62729,62729,1180480,-1117751,-1117751
"www.babnet.net",60325,277811,505117,-444792,-227306
"www.bakhitaradio.org",54595,54595,1681097,-1626502,-1626502
"www.ballitonews.co.za",61123,61123,1684233,-1623110,-1623110
"www.banadir.com",458412,458412,55021,403391,403391
"www.banjulfocus.com",40924,40924,385315,-344391,-344391
"www.beeld.com",47853,126695,782861,-735008,-656166
"www.bejaiainfo.com",152780,152782,1957384,-1804604,-1804602
"www.bellanaija.com",363883,221411,12652670,-12288787,-12431259
"www.benin24tv.com",110455,110455,123189,-12734,-12734
"www.benininfo.com",142527,142527,653397,-510870,-510870
"www.bh24.co.zw",169461,169591,1358230,-1188769,-1188639
"www.bignigeria.com",177941,177941,390061,-212120,-212120
"www.bissaudigital.com",26096,26096,8600,17496,17496
"www.bizday.co.zw",19355,19355,121692,-102337,-102337
"www.blida-aps.dz",39289,39289,12256,27033,27033
"www.bonaberi.com",107004,106997,528618,-421614,-421621
"www.bonesha.bi",8472,8763,272645,-264173,-263882
"www.botswanaguardian.co.bw",49568,49568,2135937,-2086369,-2086369
"www.bravanews.com",77051,77051,85578,-8527,-8527
"www.brnieq.com",20789,20789,378163,-357374,-357374
"www.bugandawatch.com",71318,71318,3143644,-3072326,-3072326
"www.bukedde.co.ug",105596,105596,726287,-620691,-620691
"www.burundi-sites.com",17180,17180,614,16566,16566
"www.bushchicken.com",78720,218102,1070129,-991409,-852027
"www.business-et-finances.com",187897,187897,1485065,-1297168,-1297168
"www.businessdaily.co.zw",48154,48127,727448,-679294,-679321
"www.businessdailyafrica.com",82768,82543,494755,-411987,-412212
"www.businesstimes.co.tz",9240,9328,273412,-264172,-264084
"www.busiweek.com",69880,69880,-12,69892,69892
"www.cabodiario.com",29719,29719,49129,-19410,-19410
"www.caboverdeonline.com",39877,39877,452854,-412977,-412977
"www.cairolive.com",97920,97920,144125,-46205,-46205
"www.camer.be",317032,317056,5247033,-4930001,-4929977
"www.cameroon-info.net",173362,294126,626348,-452986,-332222
"www.cameroon-tribune.cm",154198,154198,155869,-1671,-1671
"www.cameroononline.org",152130,152131,1298788,-1146658,-1146657
"www.cameroonpostline.com",40968,89567,410256,-369288,-320689
"www.cameroonweb.com",46436,26203,2271523,-2225087,-2245320
"www.cameroun-online.com",263461,263461,1890429,-1626968,-1626968
"www.cameroun24.net",60610,60610,14144,46466,46466
"www.camerounactu.net",14808,14808,110582,-95774,-95774
"www.camerounlink.net",165646,217878,13271,152375,204607
"www.camnews24.com",70917,70917,69096,1821,1821
"www.capetalk.co.za",52158,52158,348871,-296713,-296713
"www.capitaleritrea.com",78679,78819,3328961,-3250282,-3250142
"www.capitalfm.co.ke",76115,76072,679758,-603643,-603686
"www.capitalradiomalawi.com",114292,-1,923757,-809465,-923758
"www.carletonvilleherald.com",67686,184437,638054,-570368,-453617
"www.carrefourdalgerie.com",61218,61227,350220,-289002,-288993
"www.cbc-eg.com",3649,3649,105943,-102294,-102294
"www.cbn.co.za",115408,115408,915099,-799691,-799691
"www.ceelqaboobe.com",147928,147928,132624,15304,15304
"www.channelafrica.co.za",87863,87863,996,86867,86867
"www.channelstv.com",150569,131057,2235351,-2084782,-2104294
"www.chikuniradiozm.org",24246,35057,118192,-93946,-83135
"www.chronicle.co.zw",130692,130692,4686082,-4555390,-4555390
"www.citifmonline.com",117915,117915,5715137,-5597222,-5597222
"www.citizentv.co.ke",82853,82852,3606950,-3524097,-3524098
"www.citypress.co.za",17320,81373,16881813,-16864493,-16800440
"www.cknnigeria.com",169734,169735,3883182,-3713448,-3713447
"www.club-k.net",122303,123001,3026916,-2904613,-2903915
"www.coastweek.com",619447,619447,25647,593800,593800
"www.comores-actualites.com",63202,70081,990011,-926809,-919930
"www.comores-infos.net",129263,129505,7410454,-7281191,-7280949
"www.competition.dz",62095,62095,4208844,-4146749,-4146749
"www.confidente.com.na",157579,157435,5852100,-5694521,-5694665
"www.congo-site.com",25514,49687,541623,-516109,-491936
"www.congoindependant.com",70426,70426,2489727,-2419301,-2419301
"www.congolais.fr",4164,4164,187167,-183003,-183003
"www.congopage.com",65735,65735,470151,-404416,-404416
"www.congoplanet.com",45163,45243,1227085,-1181922,-1181842
"www.congoplanete.com",47966,47932,1332126,-1284160,-1284194
"www.congotribune.com",36080,36080,1705812,-1669732,-1669732
"www.congovision.com",103216,103216,147516,-44300,-44300
"www.connectionivoirienne.net",107725,107725,2108087,-2000362,-2000362
"www.constantine-aps.dz",43416,43416,36768,6648,6648
"www.cottontreenews.org",18902,18902,34245,-15343,-15343
"www.courriercasablanca.com",164748,164748,940428,-775680,-775680
"www.courrierconfidentiel.net",46081,46081,244506,-198425,-198425
"www.critiqueecho.com",151310,151241,3412098,-3260788,-3260857
"www.cxpress.co.za",32777,32751,53097,-20320,-20346
"www.cyberethiopia.com",44752,44749,3131964,-3087212,-3087215
"www.dac-presse.com",123095,123095,4880940,-4757845,-4757845
"www.daily-mail.co.zm",91223,91189,16561833,-16470610,-16470644
"www.dailyguideghana.com",75796,75796,3710676,-3634880,-3634880
"www.dailymaverick.co.za",298729,298729,522657,-223928,-223928
"www.dailynation.news",94140,94140,788034,-693894,-693894
"www.dailynews.co.tz",158163,158163,465057,-306894,-306894
"www.dailynewsegypt.com",134703,134703,9898630,-9763927,-9763927
"www.dailytrust.com.ng",168859,168859,2852041,-2683182,-2683182
"www.dakaractu.com",202147,202152,14895632,-14693485,-14693480
"www.deboutcongolais.info",36760,36760,8330,28430,28430
"www.defimedia.info",379902,379902,9440199,-9060297,-9060297
"www.depechedekabylie.com",88200,88200,353721,-265521,-265521
"www.dieburger.com",47179,126039,745997,-698818,-619958
"www.digitalcongo.net",3028,3028,219369,-216341,-216341
"www.direct.cd",136763,136763,6240285,-6103522,-6103522
"www.dispatchlive.co.za",214916,214916,1466023,-1251107,-1251107
"www.districtmail.com",56995,146063,789358,-732363,-643295
"www.djazairess.com",107674,108243,88229,19445,20014
"www.djibnet.com",35727,35727,201423,-165696,-165696
"www.dostor.org",97716,97718,2731129,-2633413,-2633411
"www.durbannews.co.za",431355,431355,39984200,-39552845,-39552845
"www.dzfoot.com",60230,67593,331962,-271732,-264369
"www.e-nigeriang.com",144997,144997,4896670,-4751673,-4751673
"www.eastlondonexpress.co.za",61008,112793,171965,-110957,-59172
"www.echo.co.bw",2793,2793,124391,-121598,-121598
"www.echoroukonline.com",285537,285537,10579123,-10293586,-10293586
"www.economist.com.na",587953,588965,3625100,-3037147,-3036135
"www.ecr.co.za",83660,69133,2427494,-2343834,-2358361
"www.edenexpress.co.za",61008,112693,171965,-110957,-59272
"www.edgecommunitynews.com",68000,68000,2677224,-2609224,-2609224
"www.editorialnigeria.com",5382,5382,1770,3612,3612
"www.edoworld.net",151719,151719,556897,-405178,-405178
"www.egynews.net",163852,163852,4332607,-4168755,-4168755
"www.egypt-elections.com",5379,5379,1770,3609,3609
"www.egyptindependent.com",172758,142812,1480560,-1307802,-1337748
"www.eikestadnuus.co.za",59785,148257,787310,-727525,-639053
"www.elbilad.net",67940,114593,203136,-135196,-88543
"www.elconfidencialsaharaui.com",71650,105817,264328,-192678,-158511
"www.eldjoumhouria.dz",64776,64776,17841,46935,46935
"www.elheddaf.com",139265,139562,661227,-521962,-521665
"www.eljadida.com",53383,53383,105188,-51805,-51805
"www.elkhabar.com",92262,92260,86752,5510,5508
"www.elmoudjahid.com",101173,101173,1362435,-1261262,-1261262
"www.elombah.com",213894,213894,873168,-659274,-659274
"www.elwatan.com",86162,86162,442762,-356600,-356600
"www.ena.gov.et",146570,146570,4415294,-4268724,-4268724
"www.enca.com",373213,137151,17343,355870,119808
"www.ennaharonline.com",195215,195346,304359,-109144,-109013
"www.enqueteplus.com",130951,130951,1120679,-989728,-989728
"www.enqueteur-gn.info",111720,111720,228639,-116919,-116919
"www.eritrea24.com",58130,58130,736034,-677904,-677904
"www.eritreadaily.net",162842,162842,5966810,-5803968,-5803968
"www.ertagov.com",55181,55181,255534,-200353,-200353
"www.essor.ml",356764,356747,3309621,-2952857,-2952874
"www.ethiomedia.com",65401,65401,80386,-14985,-14985
"www.ethionewsdirect.com",157360,108774,2776115,-2618755,-2667341
"www.ethioobserver.net",549333,549333,3598401,-3049068,-3049068
"www.ethiopian-news.com",118261,118261,2545905,-2427644,-2427644
"www.ethiopians.com",20601,20601,177513,-156912,-156912
"www.etiame.com",168664,168723,2989425,-2820761,-2820702
"www.expansao.co.ao",81319,81319,5188790,-5107471,-5107471
"www.expatica.com",22374,22374,589147,-566773,-566773
"www.expotimesonline.net",47124,46731,252681,-205557,-205950
"www.expressodasilhas.sapo.cv",32630,32630,2378809,-2346179,-2346179
"www.faceofmalawi.com",62509,142238,977197,-914688,-834959
"www.factualreporters.com",82499,82499,686812,-604313,-604313
"www.farajat.net",369271,369271,1842993,-1473722,-1473722
"www.fasopresse.net",47805,47805,201190,-153385,-153385
"www.financialgazette.co.zw",96652,96652,5197867,-5101215,-5101215
"www.finitemagazine.co.ls",100193,100193,7942226,-7842033,-7842033
"www.flavafm.co.zm",45300,45300,569648,-524348,-524348
"www.focusinfos.net",70574,70574,796899,-726325,-726325
"www.fraternitebj.info",92891,92891,210747,-117856,-117856
"www.fratmat.info",80806,80918,1482893,-1402087,-1401975
"www.frcnssz.com",8371,8371,150449,-142078,-142078
"www.freedomnewspaper.com",288153,286377,1644561,-1356408,-1358184
"www.freedomradionig.com",55651,55651,990936,-935285,-935285
"www.freemedia.co.tz",46257,46264,2029919,-1983662,-1983655
"www.freshangleng.com",52429,52429,47082,5347,5347
"www.freshfactsonlinenews.net",9107,9680,273412,-264305,-263732
"www.frontiersnews.com",188677,188956,6581110,-6392433,-6392154
"www.frontpageafricaonline.com",193383,172711,193718,-335,-21007
"www.gabonactu.com",213159,212878,3154958,-2941799,-2942080
"www.gaboneco.com",58361,58361,144915,-86554,-86554
"www.gabonlibre.com",168463,168463,833103,-664640,-664640
"www.gabzfm.com",1723,1723,6722,-4999,-4999
"www.galaxytvonline.com",39038,39278,447557,-408519,-408279
"www.garoweonline.com",119188,119188,7054308,-6935120,-6935120
"www.gaznot.com",57707,57217,779120,-721413,-721903
"www.gbcghana.com",43610,43610,45189,-1579,-1579
"www.gbich.com",51389,51585,213590,-162201,-162005
"www.gbissau.com",39683,139934,261700,-222017,-121766
"www.gbn.co.za",66048,65900,446761,-380713,-380861
"www.georgeherald.com",249406,332213,1122248,-872842,-790035
"www.ghana.gov.gh",41150,41150,203635,-162485,-162485
"www.ghanabusinessnews.com",70997,70774,6775030,-6704033,-6704256
"www.ghanadot.com",53274,53274,99467,-46193,-46193
"www.ghanaiantimes.com.gh",102880,102880,9536477,-9433597,-9433597
"www.ghanamma.com",202531,203712,2388015,-2185484,-2184303
"www.ghananewsagency.org",60548,37463,318503,-257955,-281040
"www.ghanasoccernet.com",65422,89295,266303,-200881,-177008
"www.ghanatoday.com",82573,82573,66755,15818,15818
"www.ghanavoice.com",13866,13866,185198,-171332,-171332
"www.ghanaweb.com",47334,27466,2058783,-2011449,-2031317
"www.gnet.tn",99706,99706,148464,-48758,-48758
"www.golfemediaonline.com",43732,43732,820720,-776988,-776988
"www.gossipnigeria.com",54201,146545,259254,-205053,-112709
"www.greytown.co.za",64189,64189,526316,-462127,-462127
"www.grocotts.co.za",164573,164573,6079603,-5915030,-5915030
"www.groupelavenir.org",101259,100399,6154666,-6053407,-6054267
"www.grts.gm",86143,86143,1518774,-1432631,-1432631
"www.guinee360.com",118919,118919,552598,-433679,-433679
"www.guinee7.com",54755,300016,571826,-517071,-271810
"www.guineepresse.info",84525,84525,50736,33789,33789
"www.gurtong.net",193420,193264,1771019,-1577599,-1577755
"www.habarileo.co.tz",131093,130735,51203,79890,79532
"www.habarizacomores.com",808549,808410,1136184,-327635,-327774
"www.hallmarknews.com",61854,61854,1169320,-1107466,-1107466
"www.harare24.com",18197,57136,266919,-248722,-209783
"www.hararenews.co.zw",300485,300485,847453,-546968,-546968
"www.hebdoimmobilier-dz.com",73333,73333,868,72465,72465
"www.heidelbergnigelheraut.co.za",103914,287448,2004711,-1900797,-1717263
"www.herald.co.zw",154877,154877,1427630,-1272753,-1272753
"www.heraldlive.co.za",238975,238975,1427842,-1188867,-1188867
"www.hermanustimes.co.za",59441,145420,789358,-729917,-643938
"www.hiiraan.com",83092,83092,594142,-511050,-511050
"www.homeviewsenegal.com",245942,246817,1444001,-1198059,-1197184
"www.huhuonline.com",220934,220934,8183,212751,212751
"www.ibinda.com",26096,26096,8600,17496,17496
"www.icibenin.com",149208,149208,3084885,-2935677,-2935677
"www.icilome.com",77282,168450,1562630,-1485348,-1394180
"www.igfm.sn",102580,102580,1459586,-1357006,-1357006
"www.ilanganews.co.za",65261,65261,418859,-353598,-353598
"www.ilorin.info",27372,27345,98743,-71371,-71398
"www.imatin.net",154889,241878,2514413,-2359524,-2272535
"www.imostateblog.com",66038,66038,989968,-923930,-923930
"www.imotrumpeta.com",51748,51748,799376,-747628,-747628
"www.impact24.info",123860,123860,794141,-670281,-670281
"www.independent.co.ug",99094,99094,5420564,-5321470,-5321470
"www.indepthnigeria.com",9030,9609,273431,-264401,-263822
"www.infoconstantine.com",2884,2856,273431,-270547,-270575
"www.infoghana.info",79973,79973,583467,-503494,-503494
"www.infoguinee.com",72143,72140,536565,-464422,-464425
"www.infonigeria.net",16343,27517,9329,7014,18188
"www.informante.web.na",313101,313101,397359,-84258,-84258
"www.informationng.com",107312,109888,2484477,-2377165,-2374589
"www.informativenews.co.ls",96333,96333,7829993,-7733660,-7733660
"www.infosplusgabon.com",42623,42460,111777,-69154,-69317
"www.infotunisie.com",49180,49180,718743,-669563,-669563
"www.insiderzim.com",48838,48838,150564,-101726,-101726
"www.iol.co.za",437012,437012,382029,54983,54983
"www.ionigeria.com",109703,109703,2313891,-2204188,-2204188
"www.ipreunion.com",101410,101410,303723,-202313,-202313
"www.iq4news.com",215941,215939,349209,-133268,-133270
"www.isanganiro.org",28147,28147,81403,-53256,-53256
"www.ivoireactu.net",68777,68777,93868,-25091,-25091
"www.ivoirediaspo.net",86410,86412,1057964,-971554,-971552
"www.iwacu-burundi.org",108691,108691,2310525,-2201834,-2201834
"www.jadidpresse.com",5006,5006,49,4957,4957
"www.jamana.org",28200,28200,170,28030,28030
"www.jbaynews.com",140616,140616,618101,-477485,-477485
"www.jeberti.com",109480,109480,548981,-439501,-439501
"www.jeune-independant.net",127623,127623,413990,-286367,-286367
"www.jijel-echo.com",1510177,1510190,427744,1082433,1082446
"www.jijel.info",77638,77638,1651486,-1573848,-1573848
"www.jollofnews.com",112100,112613,822709,-710609,-710096
"www.jornalnoticias.co.mz",89475,89475,470611,-381136,-381136
"www.journal-adjinakou-benin.info",39083,39083,1314638,-1275555,-1275555
"www.journaldebangui.com",82267,82267,350584,-268317,-268317
"www.journaldebrazza.com",200319,200319,2051275,-1850956,-1850956
"www.journalducameroun.com",236453,236453,1611711,-1375258,-1375258
"www.journaldusport.ma",161210,161207,762405,-601195,-601198
"www.journaldutchad.com",79433,79433,484487,-405054,-405054
"www.kababachir.com",463125,463124,897283,-434158,-434159
"www.kabyle.com",53474,53804,86168,-32694,-32364
"www.kapital971.com",72820,74616,2622031,-2549211,-2547415
"www.kawalisse.com",88045,88045,97869,-9824,-9824
"www.kawowo.com",125302,125302,1947449,-1822147,-1822147
"www.kbc.co.ke",271947,271947,2137361,-1865414,-1865414
"www.kbn.co.za",46778,46913,431559,-384781,-384646
"www.kenya-today.com",45442,56629,1784898,-1739456,-1728269
"www.kenyamoja.com",266457,266020,488937,-222480,-222917
"www.kenyan-post.com",123096,123097,632251,-509155,-509154
"www.kitwetimes.com",52212,52212,1032219,-980007,-980007
"www.kivumedia.com",234153,234153,1793116,-1558963,-1558963
"www.koerant.co.za",102352,102352,1424735,-1322383,-1322383
"www.kormorant.co.za",103327,278356,1159393,-1056066,-881037
"www.kougaexpress.co.za",58914,109904,171965,-113051,-62061
"www.ktvsl.com",78729,78515,1545343,-1466614,-1466828
"www.kwaranews.com",41006,89146,287194,-246188,-198048
"www.kwayedza.co.zw",61389,61389,804198,-742809,-742809
"www.kwevoel.co.za",153995,153995,2147330,-1993335,-1993335
"www.laconscience.com",41167,41167,448346,-407179,-407179
"www.lactualite-dz.info",6879,6591,362081,-355202,-355490
"www.ladepechedabidjan.info",144692,143720,1916969,-1772277,-1773249
"www.lagachettedumaroc.com",9203,9210,197330,-188127,-188120
"www.lagazette-dgi.com",42192,42192,815377,-773185,-773185
"www.lanation.mg",31941,31941,359329,-327388,-327388
"www.lanationbenin.info",116489,116486,154192,-37703,-37706
"www.lanationdj.com",59529,59529,301308,-241779,-241779
"www.lanouvellecentrafrique.info",301264,301264,808025,-506761,-506761
"www.lanouvelleexpression.info",116533,116920,135774,-19241,-18854
"www.lanouvelletribune.info",233001,232569,1062713,-829712,-830144
"www.lapresse.tn",55540,55540,234812,-179272,-179272
"www.lapressedujour.net",26237,46712,218756,-192519,-172044
"www.laprosperiteonline.net",196018,196018,1172468,-976450,-976450
"www.laraignee.org",89847,89847,1861242,-1771395,-1771395
"www.lasemaineafricaine.net",48576,48670,2223300,-2174724,-2174630
"www.latestnigeriannews.com",126114,243403,365873,-239759,-122470
"www.lauthentic.info",62788,62788,2189,60599,60599
"www.lautomarche.com",147774,147774,3324781,-3177007,-3177007
"www.laverite.mg",126755,126755,1308321,-1181566,-1181566
"www.lavieeco.com",58984,168277,245186,-186202,-76909
"www.leaders.com.tn",65613,65613,43,65570,65570
"www.lebuteur.com",98038,98978,1408243,-1310205,-1309265
"www.lecalame.info",19630,19630,324240,-304610,-304610
"www.leconomiste.com",101958,101958,6653996,-6552038,-6552038
"www.leconomistemaghrebin.com",112095,120307,621788,-509693,-501481
"www.leffortcamerounais.com",143552,142498,1951210,-1807658,-1808712
"www.leffortcamerounais.info",122872,122045,1098774,-975902,-976729
"www.lejourdalgerie.com",55610,55610,38011,17599,17599
"www.lejourguinee.com",272108,272108,147322,124786,124786
"www.lemaghreb.tn",167528,167529,203460,-35932,-35931
"www.lematin.ma",87504,72600,2086617,-1999113,-2014017
"www.lematinal.com",295,295,330010,-329715,-329715
"www.lematindz.net",78379,78379,158616,-80237,-80237
"www.lemauricien.com",349924,349924,3201297,-2851373,-2851373
"www.lemidi-dz.com",53868,53868,-1,53869,53869
"www.lenasia-times.co.za",14386,14386,126348,-111962,-111962
"www.lenouveaureveil.com",14759,14759,55423,-40664,-40664
"www.lenzinfo.co.za",65735,66625,892377,-826642,-825752
"www.lepatriote.net",59131,59131,836,58295,58295
"www.lepetitjournal.com",701946,701946,7187231,-6485285,-6485285
"www.lephareonline.net",46424,112835,667973,-621549,-555138
"www.lepotentielonline.com",317552,317552,743536,-425984,-425984
"www.lequotidien-oran.com",55689,55689,47418,8271,8271
"www.lequotidien.sn",236478,236273,1129317,-892839,-893044
"www.leral.net",131442,131454,5771390,-5639948,-5639936
"www.lereporter.ma",147441,148660,2373563,-2226122,-2224903
"www.les4verites.info",54603,54603,234824,-180221,-180221
"www.lesdepechesdebrazzaville.fr",49086,49086,2866574,-2817488,-2817488
"www.leseco.ma",298844,298844,195897,102947,102947
"www.lesnouvelles.org",63357,20084,330010,-266653,-309926
"www.lesoftonline.net",44100,44484,757872,-713772,-713388
"www.lesoirdalgerie.com",26048,26048,22678,3370,3370
"www.lesoleil.sn",349936,349936,327905,22031,22031
"www.lestrepublicain.com",138119,138119,344486,-206367,-206367
"www.letemps.com.tn",65543,65543,655096,-589553,-589553
"www.letempsdz.com",144918,144294,64367,80551,79927
"www.leuksenegal.com",36103,460745,199846,-163743,260899
"www.lexpertjournal.net",73256,73256,2047435,-1974179,-1974179
"www.lexpress.mu",281146,281146,4678332,-4397186,-4397186
"www.lexpressmada.com",78867,78867,1404463,-1325596,-1325596
"www.libe.ma",25035,97360,752367,-727332,-655007
"www.liberian-connection.net",13845,13845,119245,-105400,-105400
"www.liberianforum.com",51,51,9878,-9827,-9827
"www.liberte-algerie.com",90877,90877,548241,-457364,-457364
"www.libya-businessnews.com",55122,55119,1973182,-1918060,-1918063
"www.libya-today.com",204388,204354,1777340,-1572952,-1572986
"www.libyanewstoday.com",68893,68893,610766,-541873,-541873
"www.linfodrome.com",308479,314121,554119,-245640,-239998
"www.livenewsalgerie.com",106143,106143,1241167,-1135024,-1135024
"www.lnr-dz.com",44367,44367,1839899,-1795532,-1795532
"www.lobservateur.bf",70408,71679,833782,-763374,-762103
"www.lobservateur.cd",17745,17745,192186,-174441,-174441
"www.lomecite.com",42936,42936,1823771,-1780835,-1780835
"www.lomeinfos.com",74447,73342,2168714,-2094267,-2095372
"www.ltv.ly",73841,73841,2157879,-2084038,-2084038
"www.lusakatimes.com",267029,222794,1027638,-760609,-804844
"www.mada.pro",57005,57005,488,56517,56517
"www.madagascar-tribune.com",76642,76642,4748,71894,71894
"www.madagate.com",43178,43178,170147,-126969,-126969
"www.madamasr.com",45469,161869,347690,-302221,-185821
"www.madonline.com",63723,63723,353579,-289856,-289856
"www.magazetini.com",42970,42742,44456,-1486,-1714
"www.malango-actualite.fr",11313,11313,179710,-168397,-168397
"www.malawianwatchdog.com",258809,258809,1613690,-1354881,-1354881
"www.malawivoice.com",118890,118890,1468959,-1350069,-1350069
"www.maledatimes.com",69559,88439,745131,-675572,-656692
"www.malijet.com",389427,389427,3149411,-2759984,-2759984
"www.maliweb.net",605109,605109,10496362,-9891253,-9891253
"www.manaonline.gov.mw",95804,95804,39542,56262,56262
"www.mapnews.ma",98666,98666,721456,-622790,-622790
"www.maroc-hebdo.press.ma",128534,128534,1901351,-1772817,-1772817
"www.marocpress.com",126816,126816,1086081,-959265,-959265
"www.masralarabia.com",145474,345959,4001335,-3855861,-3655376
"www.masvingomirror.com",286436,310202,308297,-21861,1905
"www.mayotte-observer.com",1149,27893,9329,-8180,18564
"www.mayottehebdo.com",42353,42353,5004528,-4962175,-4962175
"www.mbc.mw",97677,97009,1607402,-1509725,-1510393
"www.medi1.com",623862,623862,895059,-271197,-271197
"www.mediacentre.go.ug",58713,58713,811917,-753204,-753204
"www.mediacongo.net",64079,64430,129859,-65780,-65429
"www.mediaguinee.net",519374,519382,7093425,-6574051,-6574043
"www.mediamaxnetwork.co.ke",199665,185358,1520624,-1320959,-1335266
"www.medianigeria.com",44965,44965,788733,-743768,-743768
"www.menara.ma",119384,119384,519020,-399636,-399636
"www.mercado.co.ao",62042,62042,737625,-675583,-675583
"www.meskerem.net",71057,71057,499062,-428005,-428005
"www.metroworld.tv",18201,18201,1129396,-1111195,-1111195
"www.midi-madagasikara.mg",77898,77898,1192887,-1114989,-1114989
"www.miningnewszambia.com",93983,93983,1771019,-1677036,-1677036
"www.mmo.co.mz",146486,146486,1480768,-1334282,-1334282
"www.modernghana.com",71021,80823,221566,-150545,-140743
"www.monitor.co.ug",107965,107965,58189,49776,49776
"www.moov.mg",67233,67337,511463,-444230,-444126
"www.moroccobusinessnews.com",1486,1486,79917,-78431,-78431
"www.moroccomirror.com",63530,20673,330010,-266480,-309337
"www.moroccoworldnews.com",613606,613606,1791141,-1177535,-1177535
"www.mostaganem-aujourdhui.com",44930,44930,1488907,-1443977,-1443977
"www.muvitv.com",33883,231791,1986203,-1952320,-1754412
"www.mw",73619,73619,558675,-485056,-485056
"www.mwanahalisi.co.tz",35637,35637,25273,10364,10364
"www.mwananchi.co.tz",102611,102611,266687,-164076,-164076
"www.mwanaspoti.co.tz",84868,84868,276953,-192085,-192085
"www.mwebantu.news",270279,270279,421295,-151016,-151016
"www.mwnation.com",90356,90356,1247317,-1156961,-1156961
"www.mybulawayo.com",65409,65409,685532,-620123,-620123
"www.mydailynewswatchng.com",168408,168408,1217179,-1048771,-1048771
"www.myjoyonline.com",395888,385305,2574422,-2178534,-2189117
"www.mylbsonline.net",18165,18097,275520,-257355,-257423
"www.myzimbabwe.co.zw",239725,240369,1080757,-841032,-840388
"www.naij.com",117578,115564,790708,-673130,-675144
"www.naijalately.com",277,277,481709,-481432,-481432
"www.naijaleaks.org",63043,69922,329991,-266948,-260069
"www.nairaland.com",23936,24472,43835,-19899,-19363
"www.nairobigossips.com",42658,203547,224194,-181536,-20647
"www.namibian.com.na",108503,108503,815115,-706612,-706612
"www.namibtimes.net",42697,42697,1979198,-1936501,-1936501
"www.nampa.org",28299,28311,646276,-617977,-617965
"www.nan.ng",315284,315231,2529491,-2214207,-2214260
"www.nation.co.ke",94805,94807,461436,-366631,-366629
"www.nation.sc",34778,34778,362192,-327414,-327414
"www.nationalaccordnewspaper.com",610316,610316,3851799,-3241483,-3241483
"www.nationaldailyng.com",412511,412993,13233464,-12820953,-12820471
"www.nationalnetworkonline.com",44343,44343,72174,-27831,-27831
"www.nazret.com",276937,276994,2538261,-2261324,-2261267
"www.nbc.na",49981,49981,1657079,-1607098,-1607098
"www.netpress.bi",201855,201855,98631,103224,103224
"www.netwerk24.com",169058,263193,12804973,-12635915,-12541780
"www.newbusinessethiopia.com",164173,164173,1043834,-879661,-879661
"www.newera.com.na",304647,304647,1810756,-1506109,-1506109
"www.newpressphoto.com",20481,20481,765182,-744701,-744701
"www.news.co.za",38848,38848,3663761,-3624913,-3624913
"www.news24.co.ke",141937,92074,179885,-37948,-87811
"www.news24.com",141949,274962,179885,-37936,95077
"www.news24.com.ng",63756,192294,171965,-108209,20329
"www.news247.com.ng",22576,29169,272861,-250285,-243692
"www.newsday.co.zw",200035,201676,2258819,-2058784,-2057143
"www.newsday.com.ng",91943,91814,1084560,-992617,-992746
"www.newsdirectonline.com",60792,60792,869540,-808748,-808748
"www.newsdzezimbabwe.co.uk",43732,207191,215441,-171709,-8250
"www.newsexpressngr.com",99943,99943,14351,85592,85592
"www.newsghana.com.gh",227736,229041,1641536,-1413800,-1412495
"www.newsjournal.com.ng",38421,306907,2620266,-2581845,-2313359
"www.newsmada.com",99442,99442,1912650,-1813208,-1813208
"www.newsng.com",88336,95622,1000029,-911693,-904407
"www.newsofrwanda.com",60956,60956,386597,-325641,-325641
"www.newsudanvision.com",33414,33414,115396,-81982,-81982
"www.newtimes.co.rw",49604,49604,44151,5453,5453
"www.newvision.co.ug",133454,133454,926222,-792768,-792768
"www.newzimbabwe.com",113572,113572,214253,-100681,-100681
"www.ngamitimes.com",74804,74804,93636,-18832,-18832
"www.nifahamishe.com",79276,79276,98258,-18982,-18982
"www.nigerdeltastandard.com",5176,1137,361154,-355978,-360017
"www.nigeria-news-world.com",126271,195590,481817,-355546,-286227
"www.nigeria70.com",64831,64831,165489,-100658,-100658
"www.nigeriahornnewspapers.com",63330,307,330010,-266680,-329703
"www.nigeriancurrent.com",90742,90742,1415535,-1324793,-1324793
"www.nigerianewsday.com",143958,143958,1750846,-1606888,-1606888
"www.nigerianeye.com",294698,293660,1602180,-1307482,-1308520
"www.nigerianmonitor.com",80635,80635,3844053,-3763418,-3763418
"www.nigeriannews.com",2345,2345,11958,-9613,-9613
"www.nigerianobservernews.com",217755,217587,1249708,-1031953,-1032121
"www.nigerianorientnews.com",63209,70090,329991,-266782,-259901
"www.nigeriapolitico.net",9014,9628,273412,-264398,-263784
"www.nigeriasun.com",22595,22595,987119,-964524,-964524
"www.nigeriavillagesquare.com",166104,167258,954372,-788268,-787114
"www.nigeriaworld.com",50992,50992,213172,-162180,-162180
"www.niletc.tv",145052,145052,177878,-32826,-32826
"www.nlsguinee.com",305718,305718,5797,299921,299921
"www.noseweek.co.za",10182,48750,316886,-306704,-268136
"www.notrevoie.com",35495,35495,6800,28695,28695
"www.novojornal.co.ao",243873,243873,644317,-400444,-400444
"www.nrgui.com",126639,126639,2484786,-2358147,-2358147
"www.ntalagoschannel10.net",5351,5351,179059,-173708,-173708
"www.ntanews24.tv",8983,9562,273431,-264448,-263869
"www.ntv.co.ug",115525,115525,1234378,-1118853,-1118853
"www.nyasatimes.com",191569,142226,1693580,-1502011,-1551354
"www.observer.co.za",111304,111304,1509712,-1398408,-1398408
"www.observer.org.sz",37763,37746,151929,-114166,-114183
"www.observer.ug",54975,54975,672910,-617935,-617935
"www.odili.net",5255,5255,235871,-230616,-230616
"www.ofm.co.za",270157,270157,1548386,-1278229,-1278229
"www.ogtv.com.ng",86655,85682,1518124,-1431469,-1432442
"www.ogunradio.com",55816,55816,1456112,-1400296,-1400296
"www.ondoevents.com",200814,217092,2994220,-2793406,-2777128
"www.ondonews.com",1149,27081,9329,-8180,17752
"www.openzambia.com",25092,64493,1380335,-1355243,-1315842
"www.opinionnigeria.com",162571,162592,1525758,-1363187,-1363166
"www.orakonews.com",36221,185925,449725,-413504,-263800
"www.oran-aps.dz",37230,37230,12256,24974,24974
"www.oranais.com",146272,146229,5523836,-5377564,-5377607
"www.ortb.info",60598,60598,1755052,-1694454,-1694454
"www.ortm-mali.tv",18096,18028,362100,-344004,-344072
"www.osundefender.org",74121,74121,3001245,-2927124,-2927124
"www.ouargla-aps.dz",39647,39647,12256,27391,27391
"www.ouarsenis.com",109423,109423,1293119,-1183696,-1183696
"www.ouestribune-dz.com",96914,96914,1090419,-993505,-993505
"www.oujdacity.net",156154,156138,9149285,-8993131,-8993147
"www.paarlpost.co.za",55748,146430,785262,-729514,-638832
"www.palmtreereports.com",16368,27482,9329,7039,18153
"www.pe-express.co.za",61008,112365,171965,-110957,-59600
"www.peacefmonline.com",365,92779,38536,-38171,54243
"www.peoplesdailyng.com",77862,77862,549191,-471329,-471329
"www.peoplespost.co.za",59391,110036,171965,-112574,-61929
"www.persecondnews.com",149440,150472,1381885,-1232445,-1231413
"www.pgzambia.com",32308,32308,532388,-500080,-500080
"www.ph-microscope.com",92879,92589,5317609,-5224730,-5225020
"www.planetesport.dz",47606,47606,107550,-59944,-59944
"www.pmbfever.co.za",60010,110773,171965,-111955,-61192
"www.pmnewsnigeria.com",259286,259286,3897919,-3638633,-3638633
"www.politicsweb.co.za",38536,38536,4240,34296,34296
"www.polity.org.za",23947,81968,131377,-107430,-49409
"www.portalangop.co.ao",82118,82118,877313,-795195,-795195
"www.portaldeangola.com",484444,484444,1387120,-902676,-902676
"www.postwatchmagazine.com",177662,174161,1400615,-1222953,-1226454
"www.potchefstroomherald.co.za",71700,187085,1479450,-1407750,-1292365
"www.premiermedia.sl",32191,32191,347215,-315024,-315024
"www.premiumtimesng.com",333743,333743,1700135,-1366392,-1366392
"www.presse-dz.com",65468,65468,276054,-210586,-210586
"www.promptnewsonline.com",92572,92572,1111684,-1019112,-1019112
"www.punchng.com",91421,91420,853856,-762435,-762436
"www.puntlandpost.com",126183,115477,1167752,-1041569,-1052275
"www.qfmzambia.com",83129,83907,856378,-773249,-772471
"www.quotidienlematin.com",5552,5552,6610,-1058,-1058
"www.qurynanew.com",62960,20245,329991,-267031,-309746
"www.r1.mu",80698,80698,207414,-126716,-126716
"www.radio-kankan.com",169487,169487,3649952,-3480465,-3480465
"www.radioecclesia.org",90394,94826,296988,-206594,-202162
"www.radiogameli.com",74983,74983,584657,-509674,-509674
"www.radiojovem.info",174159,174178,15847323,-15673164,-15673145
"www.radiolagosekofm.net",25987,25987,685438,-659451,-659451
"www.radiolome.tg",235161,235161,2907978,-2672817,-2672817
"www.radiomaria.org.zm",62955,62955,5899751,-5836796,-5836796
"www.radiomuqdisho.net",209153,209153,10848280,-10639127,-10639127
"www.radiondekeluka.org",35463,35463,174373,-138910,-138910
"www.radionigeriakaduna.net",18327,18259,275539,-257212,-257280
"www.radionigerialagos.com",51625,51959,1403410,-1351785,-1351451
"www.radiotunis.com",32237,32237,1166915,-1134678,-1134678
"www.radiovop.com",57504,57536,229583,-172079,-172047
"www.radiowa.org",37158,37159,1876109,-1838951,-1838950
"www.raiamwema.co.tz",33339,210449,698272,-664933,-487823
"www.rapport.co.za",58856,141198,738829,-679973,-597631
"www.rasd-tv.com",22309,26148,201342,-179033,-175194
"www.rayaam.net",62849,69730,329991,-267142,-260261
"www.rba.co.rw",66344,66344,6731134,-6664790,-6664790
"www.realites.com.tn",78844,78846,1547160,-1468316,-1468314
"www.redeangola.info",18854,18876,5277,13577,13599
"www.reflexiondz.net",65892,65893,661783,-595891,-595890
"www.reporters.dz",99259,98654,871077,-771818,-772423
"www.reportghananews.com",43922,49240,738701,-694779,-689461
"www.republikein.com.na",74114,68310,190421,-116307,-122111
"www.risingsunlenasia.co.za",105525,269284,1017283,-911758,-747999
"www.rm.co.mz",83762,83762,6639743,-6555981,-6555981
"www.rnanews.com",25576,25576,440300,-414724,-414724
"www.rpa.bi",162916,162916,1048804,-885888,-885888
"www.rtb.bf",648497,648497,5779636,-5131139,-5131139
"www.rtc.cv",51448,51448,3712094,-3660646,-3660646
"www.rtd.dj",64541,64541,88928,-24387,-24387
"www.rtg-conakry.com",53201,53201,1398403,-1345202,-1345202
"www.rti.ci",7312,7312,62388,-55076,-55076
"www.rts.sn",39858,41011,1065926,-1026068,-1024915
"www.rumeursdabidjan.net",68432,68432,804680,-736248,-736248
"www.rumo.co.ao",114279,114279,1411889,-1297610,-1297610
"www.sabc.co.za",108362,108361,1947787,-1839425,-1839426
"www.sagoodnews.co.za",102782,103615,4450248,-4347466,-4346633
"www.sahara-online.net",97265,96720,93634,3631,3086
"www.sahara-update.org",16432,22331,38243,-21811,-15912
"www.saint.fm",66310,66293,1041659,-975349,-975366
"www.sainthelena.gov.sh",86856,86856,1232065,-1145209,-1145209
"www.sake24.com",85738,194872,769902,-684164,-575030
"www.salonereporter.net",20134,20134,182101,-161967,-161967
"www.salonetoday.com",122305,122305,1070716,-948411,-948411
"www.sapo.ao",113952,113952,1416384,-1302432,-1302432
"www.sapo.cv",117337,117337,1257201,-1139864,-1139864
"www.sapo.mz",110650,110650,1400173,-1289523,-1289523
"www.sbc.sc",26557,26557,174,26383,26383
"www.sen24heures.com",77981,77981,79784,-1803,-1803
"www.sen360.com",202130,202079,7345087,-7142957,-7143008
"www.senenews.com",164027,164027,812150,-648123,-648123
"www.senetoile.net",394283,394283,4462121,-4067838,-4067838
"www.seneweb.com",309131,244946,8089219,-7780088,-7844273
"www.sensornewsonline.com.ng",171316,171164,1353949,-1182633,-1182785
"www.setif.info",32119,32119,368462,-336343,-336343
"www.setif.net",29160,29055,2646,26514,26409
"www.setifnews.com",2244,2244,2127,117,117
"www.seychellesnewsagency.com",12771,28172,383563,-370792,-355391
"www.seychellesweekly.com",83453,83453,229207,-145754,-145754
"www.shabait.com",326904,326904,637048,-310144,-310144
"www.sharpedgenews.com",130027,130027,643653,-513626,-513626
"www.shorouknews.com",52652,110392,1565815,-1513163,-1455423
"www.sidwaya.bf",74585,74585,7129393,-7054808,-7054808
"www.sierraexpressmedia.com",160943,162744,1382502,-1221559,-1219758
"www.sierraherald.com",104647,104647,1083,103564,103564
"www.sierraleonenews.net",24392,24392,1009874,-985482,-985482
"www.sierraleonepress.com",39313,39313,480395,-441082,-441082
"www.sierraleonetimes.com",22811,22811,1020076,-997265,-997265
"www.sis.gov.eg",105416,105416,16202,89214,89214
"www.siwel.info",136524,136525,6830342,-6693818,-6693817
"www.soccer24.co.zw",54948,54947,1729692,-1674744,-1674745
"www.somalilandsun.com",54353,317247,509713,-455360,-192466
"www.souk-ahras.info",32838,32838,29466,3372,3372
"www.southafrica.info",115146,115139,43772,71374,71367
"www.southafrica2day.com",6914,9945,819518,-812604,-809573
"www.southerneye.co.zw",50624,97245,259985,-209361,-162740
"www.southsudannation.com",97971,98105,2524291,-2426320,-2426186
"www.southsudannewsagency.com",5015,5015,49,4966,4966
"www.southsudantoday.net",5157,1104,361154,-355997,-360050
"www.sowetanlive.co.za",211101,211102,63102,147999,148000
"www.sport-ivoire.ci",116705,116705,4928993,-4812288,-4812288
"www.sport24.co.za",115507,150073,177206,-61699,-27133
"www.sportelizabeth.co.za",70440,70440,1510672,-1440232,-1440232
"www.standardmedia.co.ke",93840,74138,741417,-647577,-667279
"www.starducongo.com",303044,303020,2248318,-1945274,-1945298
"www.starpress.info",85499,85499,1004222,-918723,-918723
"www.statehouse.gov.sl",54605,54931,3298614,-3244009,-3243683
"www.stop.co.mz",440774,440774,809630,-368856,-368856
"www.stp-press.st",47541,347471,721615,-674074,-374144
"www.stpdigital.net",138842,138272,909740,-770898,-771468
"www.sudanile.com",15447,15447,60492,-45045,-45045
"www.sudanjem.com",257152,257152,1806683,-1549531,-1549531
"www.sudantribune.com",72968,72968,259238,-186270,-186270
"www.sudantribune.net",116788,116788,196514,-79726,-79726
"www.sudonline.sn",143170,143170,98258,44912,44912
"www.sundaymail.co.zw",182380,182526,2110233,-1927853,-1927707
"www.sundaynews.co.zw",91417,91417,1190696,-1099279,-1099279
"www.sundaystandard.info",105642,105642,2155816,-2050174,-2050174
"www.sunshinecoastexpress.co.za",60584,112386,172065,-111481,-59679
"www.supersport.com",37671,148965,277549,-239878,-128584
"www.switsalone.com",109578,109077,1584222,-1474644,-1475145
"www.talk90point5.co.zm",33213,33213,3969377,-3936164,-3936164
"www.tamtaminfo.com",233880,233872,3707335,-3473455,-3473463
"www.tamurt.info",513478,513478,1987216,-1473738,-1473738
"www.tanzaniatoday.co.tz",364225,364225,37620113,-37255888,-37255888
"www.tbc.go.tz",64515,64515,61356,3159,3159
"www.tchadactuel.com",71832,71832,493002,-421170,-421170
"www.tchadvision.com",277,277,192103,-191826,-191826
"www.technomag.co.zw",133818,133853,2172865,-2039047,-2039012
"www.techtrends.co.zm",165182,165182,12675479,-12510297,-12510297
"www.techzim.co.zw",152867,152853,1833426,-1680559,-1680573
"www.telanon.info",67413,67413,2142062,-2074649,-2074649
"www.tellzim.com",153799,154039,1458548,-1304749,-1304509
"www.temoignages.re",25455,35101,72313,-46858,-37212
"www.the-star.co.ke",173700,151975,1121916,-948216,-969941
"www.theabujainquirer.com",80663,80663,592384,-511721,-511721
"www.theannouncer.co.za",194977,195097,968141,-773164,-773044
"www.thebreakingtimes.com",121248,121092,1317674,-1196426,-1196582
"www.thebugle.co.za",26838,142848,446539,-419701,-303691
"www.thebusinessconnect.co.zw",89919,89921,3310589,-3220670,-3220668
"www.thecable.ng",173505,173505,3321370,-3147865,-3147865
"www.thecitizen.co.tz",94835,94835,44785,50050,50050
"www.theeastafrican.co.ke",117013,117018,668340,-551327,-551322
"www.theenquirerweb.com",23697,23697,135724,-112027,-112027
"www.thegambiaecho.com",205581,205581,2249367,-2043786,-2043786
"www.theheartlander.com",179027,180364,1047976,-868949,-867612
"www.theheraldnews.info",141393,141393,1949604,-1808211,-1808211
"www.theheraldng.com",134568,134899,1372207,-1237639,-1237308
"www.theindependent.co.zw",92144,92143,1777469,-1685325,-1685326
"www.theinfostrides.com",139137,139137,380912,-241775,-241775
"www.theliberianjournal.com",26317,26317,24398,1919,1919
"www.themastonline.com",97515,97515,1852774,-1755259,-1755259
"www.thenewage.co.za",194642,194642,2842350,-2647708,-2647708
"www.thenewdawnliberia.com",1716237,1716237,238524,1477713,1477713
"www.thenewpeople.com",13587,13587,185198,-171611,-171611
"www.thenewslib.com",56092,56092,1645182,-1589090,-1589090
"www.thenewspaper.co.za",262423,263355,1246873,-984450,-983518
"www.thenewswriterng.com",74879,74879,609926,-535047,-535047
"www.thenigerianvoice.com",32790,41055,173414,-140624,-132359
"www.thepalavahut.org",49658,49658,218,49440,49440
"www.thepatriot.co.bw",50840,50840,131424,-80584,-80584
"www.thepatriot.co.zw",174452,174452,3436138,-3261686,-3261686
"www.thepatrioticvanguard.com",37955,37955,2644,35311,35311
"www.theperspective.org",297955,297955,112744,185211,185211
"www.therwandan.com",513906,513906,2254731,-1740825,-1740825
"www.thesierraleonetelegraph.com",385690,385690,1330137,-944447,-944447
"www.thestandard.co.zw",71446,71445,693988,-622542,-622543
"www.thetidenewsonline.com",46486,299988,895781,-849295,-595793
"www.thevillager.com.na",29774,29774,198809,-169035,-169035
"www.thevoicebw.com",228967,228967,1592616,-1363649,-1363649
"www.thezimbabwean.co",90309,90309,759004,-668695,-668695
"www.thezimbabwedaily.com",45964,45963,707489,-661525,-661526
"www.thezimbabwenewslive.com",92671,92671,567697,-475026,-475026
"www.thinkghana.com",32058,31380,51451,-19393,-20071
"www.thisdaylive.com",262376,262739,4410102,-4147726,-4147363
"www.thisissierraleone.com",286800,286660,9846444,-9559644,-9559784
"www.times.co.sz",41351,41351,302704,-261353,-261353
"www.times.co.zm",57668,57668,1370069,-1312401,-1312401
"www.timeslive.co.za",139057,194784,12748,126309,182036
"www.tnrliberia.net",18142,18074,275520,-257378,-257446
"www.togoactualite.com",152547,152547,1636766,-1484219,-1484219
"www.transactiondalgerie.com",32632,32632,1551564,-1518932,-1518932
"www.tribune.com.ng",135478,135478,1442906,-1307428,-1307428
"www.tribunelecteurs.com",174595,174595,864132,-689537,-689537
"www.tripolipost.com",5136,1107,361135,-355999,-360028
"www.tsa-algerie.com",45428,179923,249639,-204211,-69716
"www.tultogo.com",10232,10232,11080,-848,-848
"www.tumfweko.com",93370,93371,818942,-725572,-725571
"www.tunisiadaily.com",315,315,1158882,-1158567,-1158567
"www.tunisiaonlinenews.com",32301,32298,397667,-365366,-365369
"www.tunisiefocus.com",70126,70126,433001,-362875,-362875
"www.tunivisions.net",216332,216332,1484695,-1268363,-1268363
"www.turenchi.com",116274,116274,718557,-602283,-602283
"www.tvcontinental.tv",189877,189877,4569248,-4379371,-4379371
"www.tvm.co.mz",103655,103659,1390980,-1287325,-1287321
"www.tvmada.com",79862,79861,2374554,-2294692,-2294693
"www.tygerburger.co.za",52451,137649,795502,-743051,-657853
"www.ud-news.co.za",59898,111143,172065,-112167,-60922
"www.ugandanews.net",24080,24080,992175,-968095,-968095
"www.umhlanganews.co.za",80017,80017,9815840,-9735823,-9735823
"www.umthunywa.co.zw",82975,82975,1155899,-1072924,-1072924
"www.union.sonapresse.com",140366,140366,6603332,-6462966,-6462966
"www.urhobotimes.com",18165,18097,275520,-257355,-257423
"www.vaalweekblad.com",79348,175084,702028,-622680,-526944
"www.vanguardngr.com",120309,184525,1091657,-971348,-907132
"www.view.com.ng",9197,9298,272664,-263467,-263366
"www.vitrina.st",336388,336388,39803,296585,296585
"www.voandebele.com",66752,66750,121032,-54280,-54282
"www.voaportugues.com",74548,74550,14467406,-14392858,-14392856
"www.voashona.com",62395,62396,58374,4021,4022
"www.voazimbabwe.com",65326,65329,56258,9068,9071
"www.vocfm.co.za",79864,79864,8315046,-8235182,-8235182
"www.voice-of-binkongoh.info",163684,163684,1315607,-1151923,-1151923
"www.volksblad.com",59478,142587,785933,-726455,-643346
"www.walf-groupe.com",37428,345292,270199,-232771,75093
"www.waltainfo.com",73700,73700,1851104,-1777404,-1777404
"www.wardheernews.com",100983,100983,402193,-301210,-301210
"www.watania1.tn",64801,64801,1657101,-1592300,-1592300
"www.wataninet.com",233677,233463,5721588,-5487911,-5488125
"www.weslander.co.za",58905,148109,786286,-727381,-638177
"www.x-news.co.ke",104051,104043,1945591,-1841540,-1841548
"www.yazonaija.com",4933,4933,390590,-385657,-385657
"www.yohaig.com",44531,44531,1011216,-966685,-966685
"www.youm7.com",196649,216989,2110405,-1913756,-1893416
"www.younewsng.com",132431,132431,2019690,-1887259,-1887259
"www.zambiainvest.com",66031,66031,920967,-854936,-854936
"www.zambian-economist.com",37322,117135,177256,-139934,-60121
"www.zambian.com",41097,41097,206117,-165020,-165020
"www.zambianews.net",24124,24124,1019661,-995537,-995537
"www.zambianewsonline.com",277588,277588,1445426,-1167838,-1167838
"www.zambianintelligencenews.com",65002,65004,686758,-621756,-621754
"www.zambianobserver.com",175267,175267,1436932,-1261665,-1261665
"www.zambianpolitics.com",91905,91904,1890180,-1798275,-1798276
"www.zambiawatchdog.com",104188,104188,227360,-123172,-123172
"www.zbc.co.zw",139875,140142,3588031,-3448156,-3447889
"www.zehabesha.com",248792,247487,1056400,-807608,-808913
"www.zenga-mambu.com",149285,149285,1406048,-1256763,-1256763
"www.zimbabwebusinessnews.com",7314,7314,1770,5544,5544
"www.zimbabwelatestnews.net",187150,187150,1489651,-1302501,-1302501
"www.zimbabwenews.net",24282,24282,1017931,-993649,-993649
"www.zimbabwenews.today",49184,49184,303007,-253823,-253823
"www.zimbabwenewsonline.com",70163,70163,1034194,-964031,-964031
"www.zimbabweonlinenews.com",54250,54250,366968,-312718,-312718
"www.zimbabwesituation.com",148294,148294,264006,-115712,-115712
"www.zimbabwestar.com",22776,22776,998336,-975560,-975560
"www.zimbojam.com",155371,155371,1279523,-1124152,-1124152
"www.zimdaily.com",82150,82432,1939303,-1857153,-1856871
"www.zimeye.net",209069,208208,1905596,-1696527,-1697388
"www.zimmetro.com",73438,73438,779945,-706507,-706507
"www.znbc.co.zm",119327,119291,6790679,-6671352,-6671388
"www.zodiakmalawi.com",86553,86553,2493641,-2407088,-2407088
"www.zoutnet.co.za",58630,58630,90055,-31425,-31425
"xalimasn.com",369292,369292,2636824,-2267532,-2267532
"xpresstimes.co.ug",181168,181156,2668601,-2487433,-2487445
"ynaija.com",154296,155983,4637728,-4483432,-4481745
"zambia-times.com",85515,85515,423228,-337713,-337713
"zambia24.com",49336,49336,289594,-240258,-240258
"zambiabusinesstimes.com",257078,257080,7167678,-6910600,-6910598
"zambianewsnetwork.com",41668,41668,1351389,-1309721,-1309721
"zambianeye.com",32883,119966,736952,-704069,-616986
"zambiareports.com",60815,60815,738886,-678071,-678071
"zifmstereo.co.zw",43063,43063,701134,-658071,-658071
"zimbabwe-today.com",113870,113569,2486991,-2373121,-2373422
"zimbabwedigitalnews.com",508641,508641,34130259,-33621618,-33621618
"zimbabweelection.com",82624,82624,1293402,-1210778,-1210778
"zimbabwehub.com",54847,54659,3127058,-3072211,-3072399
"zimbabwenews.co.uk",77998,77997,1348089,-1270091,-1270092
"zimbuzz.co.zw",101378,101378,692871,-591493,-591493
"zimmetro.net",15905,55849,372502,-356597,-316653
"zimnews.net",77382,77382,1231562,-1154180,-1154180
"zimonlinenews.com",212677,212686,2205437,-1992760,-1992751
"zululandobserver.co.za",126576,281240,2205008,-2078432,-1923768
